121 @Pepe_Gónzales
254 @StephaniaCominos
365 @AndreaStanislao
412 @Josefina_La_Sifrina
512 @RosaMosa
231 @EduardoPetardo
123 @EnriqueManrique
129 @casanova23
870 @venepositivo
758 @yosoylatorre
578 @pitiypo
909 @obiwan123
893 @caribu_sol
467 @trapos232
788 @bandido121
239 @justiciero11
443 @fuerza_bruta
907 @Presentesiempre
23 felipe
121 254 7
121 909 8
121 254 7
254 909 5
254 893 1
758 365 9
578 365 4
512 412 2
893 412 4
788 412 7
129 512 10
512 412 2
231 870 5
231 123 1
231 123 1
123 870 15
123 467 6
893 129 3
129 512 10
231 870 5
123 870 15
870 578 7
870 758 1
870 758 1
758 365 9
870 578 7
578 365 4
121 909 8
254 909 5
909 893 5
909 893 5
254 893 1
893 129 3
893 412 4
123 467 6
788 239 7
788 443 11
788 412 7
788 239 7
239 443 6
239 907 3
788 443 11
239 443 6
443 907 9
239 907 3
443 907 9
